  0,  35, 108,  56, 171,  87,  99
 36,   0, 231,  79, 123, 321,  48
108, 231,   0, 179,  46, 211, 158
 56,  79, 179,   0,  64, 136, 281
171, 123,  46,  64,   0, 165,  73
 87, 321, 211, 136, 165,   0, 254
 99,  48, 158, 281,  73, 254,   0
